


dx = 0.25e-6


1.5e-6   0.1e-6 


 0.1e-6
0.25e-6
 0.5e-6
0.75e-6
 1.0e-6
1.25e-6
 1.5e-6


         energy in air 
 0.1e-6  6.337e-12 
0.25e-6  6.35652e-12  
 0.5e-6  6.38369e-12  
0.75e-6  6.39192e-12  
 1.0e-6  6.469e-12   
1.25e-6  6.49438e-12  
 1.5e-6  6.51312e-12 


         simulated C 
 0.1e-6  5.0696e-15
0.25e-6  5.0852e-15
 0.5e-6  5.1070e-15
0.75e-6  5.1135e-15
 1.0e-6  5.1752e-15
1.25e-6  5.1955e-15
 1.5e-6  5.2105e-15


      num_of_node
0.1   34247
0.25  5445
0.5   1377
0.75  711
1.0   412
1.25  296
1.5   251



      E max
0.1   8.7409e7
0.25  6.3818e7
0.5   5.4699e7
0.75  5.3511e7
1.0   4.9961e7
1.25  4.9961e7
1.5   4.9961e7






